----------------------------------------------------------------------
  h (xi)    Sites    Elems        Ic+        Ic-    eta (%)   Time (s)
----------------------------------------------------------------------
    0.50      215      352    0.00134    0.00218     -23.86      409.2
    0.40      319      552    0.01141    0.01392      -9.94      411.7
    0.30      643     1158    0.01728    0.01225      17.05     2349.8
    0.25      929     1696    0.00637    0.01392     -37.20     2800.9
    0.20     1412     2648    0.00386    0.00302      12.21    15852.8
    0.15     2954     5630    0.00805    0.01057     -13.52    29036.3
----------------------------------------------------------------------
